321331301323032021121212211130022111201033333101213030221030032213333032022332023
23001200200121010020222012210212122203223232303001023230012033201121010333133133232211
22022012121322311230203122300032330131313001233012032010201210003113200210333230000201
210120123232102312201102102003320333311231101332222332102302231320211301011101323
2203233311220132202212330003231012031322011120300132021021310111310003210322312031230
3202303112212301000220310222121011301212103330030113100132301012102220030333332003313
22113210020302302301230031322211132010022013203033113212301122231133131332222221102
2331302121102033002321103010031220310122232001301233313210213331322331220020220300
312123332320202233010000221221112320213101131310312312300022133321312223332023110301101
033222113121300332311031333030100022233101301330222331120030000012331212002131213
1212112012013132110230212120310001212010211131302021002210201201322223211320020222
221131303200133312123113133011333103203123232130302313232233323333223131011320320112131
10312202120133231323311032202333320100322331311013301100320113102122210013201302
3230330131332310132302030003022311001010103000010200003100002203003101111111113133100
1011130130121132213021112110111212321330303012303202313220231313111201301203033023210133
123002110011312121110133310103321221102100231003211230221232120212022232211011333022100
2003201331110002112332222003002202133322003003321110332202102333202130300201233310303
23300133013223313303023310300313203212120102030330232133123210100021203210113102122301213
311011032332102211310002303112213310020313120311003013203120001303001032300331102003333201
0200230200223223200220213101223203222202220213133111132012130010002223111132001312022223
32133233022333102312103311133002221201103302212003210111220131313133213103330131122133
2223133220212313302213220001303122131010031222123300222322022030203301300123331221210
0230010022012121132022330203303332330032203012221023222302233122011011201102320033311101
203021032013210312303332303010030332031332213311101030220131131130330123311302012121
001233320110010130101003021102202321220231332312322023321031311100332311000301133301233
02033200233020131121330220010300213133113011120232321310011001022301212123331311203330
310322300202120200131102302232230222022103311301310120310103022001213023311001102111102
22120321002300301001121332013321133231331131121222330123330223332211301010222300103111100
32022313000111130320300211022001303130001012231223223301003213300313313021200322300
31301322222213201113233231121101201033211102023130023302010231311010301111313233231
3103311220330130101220313201213130021203232301311033031311133002010130013200331131000
31301211012031033323313122232202332013211010213111003311230011210112033101122133
301313113120031113102303022111011103010022022133013300202020221331202200103322223
131000020201232030330003322101221021023013132332321321313120212310012313222112300033220
33120311322213101012202201120203111113201022302003223000122102110221101200130330312212
201003113330132332022012320132023123031020030233032233022001303211110213322301211030003
03333310031113001231022122122002302233232000300030132000213023213002022222213312331131
120100323022000232101023310001110220212110311300210312303303110132110031023123100
3102102133200221321202133321323233103313233211310130303231323212222113032310101110101030
2301023200331210311322133103000330032312301023110213122032002032131323213322233310
2203223203120000232321100003201031313233202202221013230230110223310203123303131233212
312032212122322101011202031213001210131313102312123203003230130221231322332130302322
2210112120333202021312212231013331312120210130333120311130201230321103220233222131132
01231310003113131110102312031211000131231113022130100301100232032001221332230103110110220
1311231303113131032133230333232333012102120033133002331020303132030210022021031331
30233223133032013011323023112321300222231130331303031033310102332320203313002132
0110103200223103301300030112002010020301023300230330033001211112121111210210233232
322323230313030101021231021213101000323010313320022201303031001101103100131120122303
03302003223333303322130103333233220030312302232230003113002331310313310200020203
1322022001320023213311311113202331133303031103020311003110131320030320333003001002202
201332223313203132232233232000120310132023313222101321210010132123133301332221131
2030101202133321310333212023301101211331110003130223111313213023100230301011321303320
123033012123313220231112122002010313211123010302321003311111312000331000301031220020311
221233233121221122110030020331323002321330012131302302300333021321123313310123210
10301300203001113100031013031002032122213113220231230001301001201123300211130213
0330313320332303103101223221310303330322312112122003121003100131130123010221030330212313
33202311033330313112102123310233120011110103100012322131022012020021103213123230022231
30231033032112033001320022211000020123023200003303102100021122220233101021032322332112
1132310212100120031310103120212321112233010022121213233201222010122301312311123201
300102320031113120033300033230020030232331003311310200203233231331320213313201332323003
22211001133110011331030322223121002102212123120220323011230112312123010223101223222123
03220011323220203123301223031012300301033312002310200332331033223213313310110302022011
01010333220212103110210012213000111100032110320232213210001302313023132303331011
32110110200001303312112101202321232203230230330222133303130322102322301321310302111
0201101322001230303112312333010030200332133222312220111301202211231220130012203031003233
101012203123213221030022121310220321111023300323022120332023001130201003303031333101131
33200313330030330233323233003132012003003002001120022301301210021322222122032101203003
303110131023301030022223022022212223203301331000002320223131313131011312001201212100123
322231332000312013221033133312310130233133121322200313222210011120113022331023300301323
01112220331233122230121111203220331123112331203122100212302320310022333122213121031023
131011321303232321130311303322201302000230123011130121212100320011221200212210323031122332
31032120200332113102001123313212321133220213020000201323310232020103121102011011031123011
3033331322103123233303221111222231120213023331221111103211333212330011323213301012
221032032200131112032201202220003212011232301022221012132310021302103332122220103210023
2032201222311232021222210311200013230322110333131210031133213210130122033022301122
31200121102111133333231021130303133101311132301200123332001002311221313032322002121010210
2021130003130013203320131233303101320321230202122110120203203110302330023103322133102
321120200102102122221103233001133202322302212020213023313213322312100330111020001303300
211203111211102223203300210110332012323000210002322313300311010212010311332332231022
12310011132333321010300123231122323320033322220321012030313022220212222210032131232031
230212032211133303332023311303022103313230303233132331222023321132033312303222131031113
11200013222113313231111210321313003001023230221111322003001132032002100023002223311
11011120330230000102003221112223020132231210210220031313031213112131010131213231330
32331022030213310023100033222221011123022003330333213212130322120202100300333323200221031
2333131112112111010203201011322212131303120332003123013110213130303030312001211120021332
1322231322221301023130330103033121010103321122220233223333232101302322210022210233111
000332003301323100122333122300300330200130323203211111023213210303323303331211103310012
3032131120023012321002031131211210023101103000233333202311102220222132202202221121001232
0222020201130112100012222231120202010131210221001103321101213333100210331323023233121
013232122322132033313332132213111000312101310213100000313100012112103010111133103113101
111123331000010122311020130331302010303013111133321023132121221022023320331010302
10320132210313211103133230330131233202033120001112021311300013132113322330331102301
021321331133202120011002100011013201301010030203310011221222023300100201200230121222300
22321221231212332311033111001000332020103330123321120031231301331233203232201203311310
3013022330223221203211200313123020323212231113233221301003311313311232111232112030130330
21313210333100223031200213302321112033023333312321001033023212323223121011012200301100
023331221000231202211011012122120010202302321012333001102010223320300131323130320220330
31223111202211300313301333322302030301121312002030330023322212021012120211022221
2032322100230000221033203021200003331102131131110223103002122132022232001111222200110
10323102300123023130222102123230222132323301200113101312120003031300102032222230110
