321331301323032021121212211130022111
01033333101213030221030032213333032022332023023001200
001210100202220122102121222032232323
3001023230012033201121010333133
33232211222022012121322311230203122
00032330131313001233012032010201210003113200210333230000201
2101201232321023122011021020033203333112311013322223321023
22313202113010111013232220323331122013220
2123300032310120313220111203001320210213
0111310003210322312031230332023031122123
100022031022212101130121210333003011
1001323010121022200303333320033133221
32100203023023012300313222111320100220132030
31132123011222311331313322222211020233130212110203300232110
0100312203101222320013012333132102133313223312200202
0300331212333232020223301000022122111232021
1011313103123123000221333213122233320231103011011033
2211312130033231103133303010002223310130133022233112
030000012331212002131213012121120120131321102302121
0310001212010211131302021002210201201322
2321132002022232211313032001333121231131330
1333103203123232130302313232233323333223131011320320112
31310312202120133231323311032202333
201003223313110133011003201131021222100132
1302232303301313323101323020300030223110010101
3000010200003100002203003101111111113133100110111301301
11322130211121101112123213303030123032023132202
1313111201301203033023210133212300211001131
121110133310103321221102100231
0321123022123212021202223221101133302210022003201
3111000211233222200300220213332200300332111033220210
333202130300201233310303123300133013
2331330302331030031320321212010203033
2321331232101000212032101131021223
1213131101103233210221131000230311221331002
31312031100301320312000130300103230033110
00333320120200230200223223200220
131012232032222022202131331111320121300100022
31111320013120222231321332330223331023121033111
30022212011033022120032101112201313131332131033301311
21332222313322021231330221322000130312213101003
22212330022232202203020330130012333122121000
30010022012121132022330203303332
300322030122210232223022331220
101120110232003331110102030210320132103
230333230301003033203133221331110103022013113113033012331
30201212110012333201100101301010030211022023212202313323123
2023321031311100332311000301133301233302
33200233020131121330220010300213133113011120232321310011
0102230121212333131120333033103223002021202001311023
2232230222022103311301310120310103022
01213023311001102111102122120321002300301001121332013321133
3133113112122233012333022333221
30101022230010311110013202231300011113032030021102
0013031300010122312232233010032133
031331302120032230023130132222221320111323323112110120103321
102023130023302010231311010301
11313233231231033112203301301012203132012131300212032323013
10330313111330020101300132003311310001313012110120310333
33131222322023320132110102131110033112300112101120331011221
3230131311312003111310230302211101
1030100220221330133002020202213312022001033
2223113100002020123203033000332210122102102
01313233232132131312021231001231322211230003322
1331203113222131010122022011202031111132010223020032230001
21021102211012001303303122122201003113330132332022012
2013202312303102003023303223302200
30321111021332230121103000320333331003111300123102212
122002302233232000300030132000213023213002022222213
123311311120100323022000232101023310001110220
1211031130021031230330311013211003102312310023
021021332002213212021333213232331033132332113101
03032313232122221130323101011101010301230102320
3312103113221331030003300323123010231102131220320
2032131323213322233310222032232031200
023232110000320103131323320220222101323023011022331020312330
131233212231203221212232210101120203121300121013131310231
12320300323013022123132233213030232222210112120
33202021312212231013331312120210130333120311130201
3032110322023322213113220123131000
11313111010231203121100013123111302213010030110023203
0012213322301031101102203131123130311313103
1332303332323330121021200331330023
10203031320302100220210313311302
322313303201301132302311232130022223113033130
031033310102332320203313002132001101032002231033013000301120
2010020301023300230330033001211112121111210210233232332232
230313030101021231021213101000323010313320022201303
310011011031001311201223030033020032233333033221301033
3233220030312302232230003113002331310313310200020
0331322022001320023213311311113202331133303031
0302031100311013132003032033300300100220212
133222331320313223223323200012031013202331322210132121001
132123133301332221131220301012021333213103332120233
11012113311100031302231113132130
3100230301011321303320012303301212331322023111212200201
3132111230103023210033111113120003310003010312
0020311022123323312122112211003002033132300232133001213130
3023003330213211233133101232101103013002
30011131000310130310020321222131132202312300013010012011233
