3213313013230320211212122
1130022111201033
33101213030221030032213333
3202233202302300120
20012101002022201221021
1222032232323030010232300
20332011210103331331
323221122202201212132231123020
1223000323301313130012
301203201020121000311320021033
230000201321012012323210231220
1021020033203333
1231101332222332102302231320
1130101110132322203233311
201322022123300032310
203132201112030013202102
310111310003210322312031
303320230311221230100
22031022212101130121210
3300301131001323010121
2220030333332003313
2211321002030230230123
0313222111320100220
320303311321230112223113
131332222221102023
130212110203300232110301003122
3101222320013012333
3210213331322331
2002022030033121233323202
223301000022122
1123202131011313
03123123000221333213
22233320231103011011
33222113121300332311031
3303010002223310130133
222331120030000
12331212002131213012121
201201313211023021212031
00121201021113130202100
21020120132222321132002022232
11313032001333121231131330113
3103203123232130302313
3223332333322313101132032
1121313103122021201
32313233110322023333201003
23313110133011003
01131021222100132013022323033
1313323101323020300
302231100101010
000010200003100002
03003101111111113
331001101113013012113221
0211121101112123213303
30123032023132202313131
1201301203033023
1013321230021100113121211
01333101033212211021
0231003211230221232
20212022232211011333
22100220032013311100021
23322220030022021333
200300332111033220210
3332021303002012333103031
3300133013223313303023310
003132032121201020303302321331
32101000212032101131021223012
313110110323321022113100
23031122133100203131203
100301320312000130300103
30033110200333320
202002302002232232002202
3101223203222202220213133111
320121300100022231111320
13120222231321332330223
310231210331113300222120110330
21200321011122013
3131332131033301
11221332222313322021231330
2132200013031221310100312
21233002223220220
020330130012333122121000230010
22012121132022330203303
323300322030122210232223022331
20110112011023200333111010203
21032013210312303332303
100303320313322133111010302
01311311303301233
1302012121100123332011001013
101003021102202321220231332
1232202332103131110033
311000301133301233302
33200233020131121330220
10300213133113011120232
2131001100102230121212
33131120333033103223002021
0200131102302232230222022
0331130131012031010302200121
023311001102111102
221203210023003010011213
20133211332313311311212223
