101111101101010001101010011110000111001011111101011010001010010011111010000110001001001000000101010000000010010010
0000100101010100100101001001100110101011111111101001100000001010110011101000110010001011011111100101
010010010001010001111000010111010000001101010010101010011000110010000110011111101110111000011010010001110
011101011101101000010111110001100000101100010110100111000111001001100010011101111100010101001100110101100010111
01010100000011000010101110101010111001011110011010101010000001011111000111110011101000010010010101001110001
1100100000110010111110101011000111111111100000011000011110010110001100010110101001100011010001000110101111101
01111110011100000000010011101011101000000110100000010011101000111011111101101101000001111011100011100011101011011
11000111101100110111011111010100000011101101110000111100010000010111010000111011010101100100111101100100101001100
10100100111111000010000100010011000010111000000001001111101000111110101111111011111101001101010110100111010011101
1100111101110010011011111011000010011101110111101000011110010010011111101110110010011110010001001100110001010
101111101101101000100010001110010101010000100000011000000010011011111111111111001101111011010111001100111
110111010101110101010101000111000011111111001101001011001010111010100011001111010111011111010110100110010001100
01101000101010001000001001101111100010000001001111110000110110000001000000111100001001101110110000100111000110100001011
1010110110011101100111110100111010011100101010010001011001011110101010000100101011110010010101111110110101101000111
00001011100111100001111001110010110011000011010010101001111000011110010000001000000100100000001110100100
0000000000111111111100101100100000011111100011100000011101110110001111001101011111110000010011011000100
101011100011111111101110111011110011100001111000010111100011000001101100111010011000101100000100000010001101100101111001
10000100100000101011100001100011011101100100010100010010001000111000110110011001000111111010001001010011010
10101110101010010110011110011111101010000111111110110101111100010101100101110011001011010100100110000010100001111
11010000110101111110011011100010111110101110001100001100011110111000001010001111111101110001010111001100100010101010
11111100111011101001000001000001111001000100100000001011111011101001101010000010110011110011001111001001001010001001
100110111001110111101111111110100011010111000111001110101000010010111110011000011100011111010010001100000110
110001010011001001101001011100111111001000100100011101100000011001111011011101101001011011100001110001100010011111
101011111110110110110111100011011010100011100101111000100101010111101101111111100001011001100011111100011110
01101001101110111110001000011001101101001111100111101001101011001110110011101011111111000111111001010001110
110101000000011101110000000000111100000010110000111110000000010100101100011001010010010010111101101011011111000101100
0111000110100011000111100111100011101010000001100001111111001000100001001000100100110001101000110110110
10000100111111011011000001010011000110101100001001101001100000110101111001110010101101000100111111001111
00101100010010000010001101000010001011000001100101100000000001111011111111001001010000000101010011100011100
00101101111000101101011011101101100110011011000110010011100000110100011110110101110111101101111011010101110
01000011101011010111010101010101001000111010111100111101000110010110101001110011100010000010111101011100011110000
1001001100000010101100001001011111011000000001011010010110001110001101101111011010011001001010010010101100001101100101
11111110011010100100101011000101110011011010010000010110100111000001110010011011111110100010110111100
11110001010101101000011000111110001011110001111111110100110011011000111011111000110100101100010010001001110010101110
10000111110111011111110101110101110101110101001000111110001110001011100100100000010111111100110011110100
10111010011101011000000111101111010110111101001101000011110001100011010100000110110110001011000001000010
0011000101100110010111101011110100100110101100101010111010101001011001011101000101010111100000001101011001101101100111
001001010011000010011111011001101011110110000101101000100100011110001111101111100000000011110000000110000101111111
11100011111110101110100011100111011110001010011100100100000010011100011110011100100110100001001101100011
1000101101010010110101111101110001111000101010001111011101110100011011010111111100011100011111110110011000101
1011101101100010101101010111100001111010000001011101110101010010100111111111000011100010101100000011100010110111010011
0110010000111101000101110010111100100100111001101101111110101010110101100001001111100011011011000010100011111000011
10001101001001101100011110011101101111001101011011010010011101011101001101101000011010011001111101010100
101011001011101100011101111011111010010111001110001111010110001010011100001000000110101110101000001111001101101011001
0011000000110000001010010000011011001000011000000111010010101001101101111011001010010001111010110001
10111001101000010101101100100001010010111011110100111001001000111111000111000110100000100101110011111100000010
101111110001111100111010100110001100111111001111101010000110100010001010110000010101101011011010101000110100
00010100100001110100000110110100101101010010101111000011000011011101100101111111011010000001110101011100001010111001001
01100011110001011010001001101000110011100111010111101101011011000000110111011010100010101000101001011000011110111
100100100101101110100111000011011000010101011101101110100100001101110001100001111010000110110001100100010
1001011110101000110101100101000010111000010111100110010100010011000100111000100110101111110111111100011111001
11001110101100111001000100100000110000010110101000110000010001010100100101011101110011010100000010000000100010
11011110000001000011111111110111100010010101001010100011110000110011001011111110110110011111101100000111000010011
001110001110011001011011011100001110111000101011110010001111011101110011001000101001001100001111000111010110
10111011101101010101110111101100001100000010101011110101010100100011001000010010101011100110011010100000
10111100001101111010101111000011000000001101110010000101101100011011011101011110111111001011010111010011110
00111000110011110011111010111110101100111010111010100001010010000111110010001000000001010011010101000001010110
1000110010111010000010101000110010001000111010001000010111000011010100110111111010011111011010110100011000101100111000
01100111111111011001110101111101111110101000101110001000111001111010100000101010010000011100011100110011001110
11011011001010100001001101000010011101001100011011001111001101100000100100100001101011001111000100100010000011001111
11100110100110111000001101100001100111101110000100110001011011001010100001000010011110011101001001011111
11001100011011001111011110101010010101110010110001110000010101001011100000001000001001011101001110100100100
111110111000111110100010111101010101111011100000110111001111010100011101111111100001100011111101111101
10111100100100101000111110000100111001000010000100000111111101110011001000010000100111000100011001101001000001111101
0111101110101110110111100101110000100111100011000110000010111010000011101110110101101001000001001001
110100000101110111111110110111010001001011100010111101100110001101011110011110101010110001011100001110
11000111000011010011101101010111010101011011000000110011110101011001000100000100111110000110001101101100100111100
0010011000011010100101111100101101010110110111101110111001011010111100001010101000011111011010001101101000
11111000111100000000110000000001101001010100000000011101101000100000111000000101110100010011011011010111
11000101111010010111010011010100100110011111110110011111000110101110011100000111100010110101010111111101111101011110
11100001010011100011011110001010101111111110100111010100100000110011101010001010011001011101110111101011
111011000011100001110001111100011110111100110111100101000110111111100010001100010001101100110101001000111001100100000
1001000010000101010001000001010010110101101110111110010001100001011101011011000110111011110110010100010011111
0010110001100010010010110001111010001010100111110110011010011111111110101110101100101101100011110101
1100001011000011100101110011001111110101001011001010101001101011010000101100000111100100001100001101101010010001000010
101010111001100010001100100111101110100000110011001111000011100111101111100100010101101110000010110001100010001010
000110000010001010010001000000101100100100000111110011111111000110100010011000001000111100000011011010110010010100111
000100101010000110101101000111101110100001011100100010000010110101101100011101111101001000011000110100101
11101101001101110111110101111111001111011100001110001011100111000111101011001110010111110101101111001
101100111101001111110010101110100011000111101010101100110011001101001001111010001111111010100110010110
1111000011001111010011111001001101001010010100001011000110011001101010011001000001101100001101010111010100100100
1111101110010111101001000101101110000100101110000010110100000110110000010100100101111101101110111011010100111101111
01110101100101000110101001010110001010010000000010110010011000111010011001000101110100001100011100100110010000010
1001000000011011010110111101101000100100001100010001111011101001011001000100001010101000110010101000
1000000100000010000100010000100010011101101100000011000000111110001110000101101001101111101010010001000010110110000111
01111010011011001010001001010000111011100000100001000100000000101001111011011011101111001000010100010111010110010
0100100000100100100000000100000100110010010001111101100110001011000100111011101011011000000101010100111
1110101111001011111111010011011101011101001110000111100101100000100110011100000001111100010100110101
0010010110101000000001011110010011000011000100100000101001100101111110100110111111100110000010101101111000011100111
001001011001100011011101001110000100010010100101010100000001001100101100110100001001000000010100111011
01001100010010001000010111010101001011000000000100101110110110010110110110100110110100111110110011001010
10000001011001000011010010110111011011100001101110110111001000100001011010110001111110011111001001100111100111100
110101110111100000110000011110101110101111101111001011010001011100111110001110010111000000101010111000000110111
111110010110000111110110100000011000001000000010001011001111110011011101101110110110010101111110010000110
1110001101101100111010010011000110100110000100111111110100000111101111101111010100011101101110001010100000001011000
10100110110010100110110010100101111000001001011110101011001001110011011101001010010011110010101101000110
010000010000110100001000001001100101100111100101101100110010000010101010110100001011000011111110010110101111
01100001100011010011100110000100110100010010111000110001001010001001000110101001000000100010010000101010
00101101101011000000100100000000111001100001101010000010000000110010100100101000000101101010001001111
100001001101000100110011010110100100000110010010000001011000010000000010011000101111010111100101111011000100011
