767533
0130785406556
2144571904863
962107375938703
276643452410255
396362
237208740726160
0603070300
6640078
962589
42470
5276981
03069098838673
631870947333
37532
22712660446129
19423
5870245
6290023
15471593
22347725
290078
8161662119
608832391038668
87745816
907012942
7628752
306203
4897757729
705194842
9432494425136
017969059
6114542407
57311024
36026618136047
93834611564679
649665
04832871565311
44610309
8576453412752
69213
4490321622
2859222656509
7850305095328
619914
572329830120626
76751134863
99946171276
88360
40725
506399488337728
06404
94034971132
83831886579591
5374226887
088479754
32792861106472
987074
536245785
243420550307719
8924397933
213540
02888010093961
153254602825
852802605
25156788
533271
197635475614
8403551459
0203138225172
673811871
28593563988
1675303579
09838
620479947567510
867915820148
261677589
848591839
1078998
386759549128502
83667700898
883469331972200
2420986658
5766649231
644668885047135
238085753
658735193781
311345047327
961527007578
0833585
114253
9211126
285945
95749546467805
7431745397258
08977382766
6471777
857387324306193
44340016699467
624923
