3213313013230320211212122111300221112
103333310121303022103003221333303202233
023023001200200121010020222012210212122
032232323030010232300120332011210103331
313323221122202201212132231123020312
3000323301313130012330120320102012100
311320021033323000020132101201232321023
2201102102003320333311231101332222332102
022313202113010111013232220323331122
132202212330003231012031322011120300132
210213101113100032103223120312303320230
112212301000220310222121011301212103
3003011310013230101210222003033333200331
3221132100203023023012300313222111320100
20132030331132123011222311331313322
2221102023313021211020330023211030100
122031012223200130123331321021333132
33122002022030033121233323202022330
000022122111232021310113131031231230
022133321312223332023110301101103322211
1213003323110313330301000222331013013302
233112003000001233121200213121301212112
12013132110230212120310001212010211
31302021002210201201322223211320020222
221131303200133312123113133011333103
03123232130302313232233323333223131
113203201121313103122021201332313233110
2202333320100322331311013301100320113102
22210013201302232303301313323101323020
0003022311001010103000010200003100002203
03101111111113133100110111301301211
22130211121101112123213303030123032023
322023131311120130120303302321013321
3002110011312121110133310103321221102
00231003211230221232120212022232211011
330221002200320133111000211233222200
0022021333220030033211103322021023332021
030020123331030312330013301322331330
023310300313203212120102030330232133
232101000212032101131021223012131311
1103233210221131000230311221331002031
120311003013203120001303001032300331
02003333201202002302002232232002202131
12232032222022202131331111320121300
0002223111132001312022223132133233022333
0231210331113300222120110330221200321011
220131313133213103330131122133222231
3220212313302213220001303122131010031222
233002223220220302033013001233312212
0002300100220121211320223302033033323300
22030122210232223022331220110112011023
003331110102030210320132103123033323030
00303320313322133111010302201311311303
0123311302012121100123332011001013010100
021102202321220231332312322023321031
11100332311000301133301233302033200233
20131121330220010300213133113011120
323213100110010223012121233313112033303
103223002021202001311023022322302220
2103311301310120310103022001213023311
0110211110212212032100230030100112133
013321133231331131121222330123330223332
11301010222300103111100132022313000
111303203002110220013031300010122312
322330100321330031331302120032230023130
32222221320111323323112110120103321110
02313002330201023131101030111131323
23123103311220330130101220313201213130
212032323013110330313111330020101300132
0331131000131301211012031033323313122
32202332013211010213111003311230011
10112033101122133230131311312003111
102303022111011103010022022133013300
020202213312022001033222231131000020201
3203033000332210122102102301313233232
32131312021231001231322211230003322013
12031132221310101220220112020311111320
0223020032230001221021102211012001303303
2212220100311333013233202201232013202312
0310200302330322330220013032111102133223
12110300032033333100311130012310221
2122002302233232000300030132000213023
1300202222221331233113111201003230220
02321010233100011102202121103113002
03123033031101321100310231231002310210
1332002213212021333213232331033132332
131013030323132321222211303231010111
1010301230102320033121031132213310300
3300323123010231102131220320020321313
3213322233310222032232031200002323211
00032010313132332022022210132302301
02233102031233031312332122312032212122
221010112020312130012101313131023121
32030032301302212313223321303023222
21011212033320202131221223101333131
1202101303331203111302012303211032202
3222131132201231310003113131110102312031
1100013123111302213010030110023203200
221332230103110110220313112313031131
1032133230333232333012102120033133002331
