7675337013078540655692144
7190486339621073
59387033276643452410255339
3622237208740726160
06030703002664007849625
9842470452769812030690988
86734631870947333337
325227126604461292194231587024
7629002381547159392234
725429007848161662119560883239
038668887745816490701294297628
5263062039489775
7291705194842594324944251368
1796905976114542407857311
247360266181360474938
461156467936496655048328
156531114461030988576453
127526692135449032162
62859222656509178503050
5328161991485723298301
0626676751134863999
4617127628836014072505
6399488337728906404
940349711327838318865795
115374226887508847
754032792861106472998707425362
5785224342055030771
5892439793362135
0802888010093961015325460
825385280260502
1567880533271319
63547561468403551459
02031382251727673811
71228593563988316753035
9509838662047994756751
286791582014842
16775892848591839410789
823867595491285023836677
08989883469331972200724
09866588576664923156446688850
71359238085753365873519378173
1345047327496152700757
5083358571142537921112632
5945995749546467805
74317453972588089773827665
47177718573873243
61939443400166994677624923477
9311927561765446502
706411960969270
088616462849962860
83463323713113195
333483567359053438951667
0239943389334129639365
54383272205190640595117
9025901665699421
9251121618045348799727493
87795741055238253089
6095261497496445076
40232862672471219579
20186686270293771968225
49526668676446083133
028108336195611402070
3772007567060256517765099
1104731673641331945601790
425558652583289840383548161951
96141026276814709759203049436
973134152549365286137340
01039746179704061117645
582145748798664736742703
30677158662139920
866802564488410210668242
7361461229246002886019315919
542905366708264277175304
31740204617165936752481
198693436199513122488324398790
09860303035186419
5971334311213521
35687938004315902245697910
8352628619099063314366914
05219064247008000
286510178014919140107644854876
26878107918602536849525
127104322410520458052889840375
88118752095249204331519696645
85216291412138189512785
566321508935148553911010724
21777511783787291
7966278307746983778097027891
349207405704460545426435552
5470862138307553178833
195660927317381639948
11802655064533745798626
92908859131317013788074
6353841762942454969252
19591348993277565869226843
6802919124704658656206828
8773754993296433692308882141
465339283308597920
441449472807463014219619
06359013378517797753256607
