767533701307854065569214457190486339621073759387033276643452410255339636222372087
07261608060307030026640078496258984247045276981203069098838673463187094733333753252271
66044612921942315870245762900238154715939223477254290078481616621195608832391038668887
458164907012942976287526306203948977577291705194842594324944251368017969059761145
2407857311024736026618136047493834611564679364966550483287156531114461030988576453412
5266921354490321622628592226565091785030509532816199148572329830120626676751134863999
46171276288360140725050639948833772890640499403497113278383188657959115374226887508
4797540327928611064729987074253624578522434205503077195892439793362135408028880100
396101532546028253852802605025156788053327131976354756146840355145970203138225172767381
871228593563988316753035795098386620479947567510286791582014842616775892848591839
1078998238675954912850238366770089898834693319722007242098665885766649231564466888
047135923808575336587351937817311345047327496152700757850833585711425379211126328594599
74954646780517431745397258808977382766564717771857387324306193944340016699467762
9234778931192756176544650227064119609692703088616462849962860483463323713113195933348
5673590534389516679023994338933412963936565438327220519064059511739025901665699421692511
161804534879972749358779574105523825308986095261497496445076740232862672471219579220186
8627029377196822554952666867644608313360281083361956114020706377200756706025651776509
01104731673641331945601790342555865258328984038354816195149614102627681470975920304943679
313415254936528613734060103974617970406111764555821457487986647367427038306771586621399209
6680256448841021066824257361461229246002886019315919354290536670826427717530463174020461
16593675248111986934361995131224883243987900098603030351864199597133431121352133568793
0043159022456979102835262861909906331436691480521906424700800012865101780149191401076
4854876226878107918602536849525112710432241052045805288984037548811875209524920433151969
645285216291412138189512785856632150893514855391101072462177751178378729137966278307
469837780970278910349207405704460545426435552554708621383075531788332195660927317381639
48411802655064533745798626892908859131317013788074763538417629424549692525195913489932
756586922684386802919124704658656206828387737549932964336923088821415465339283308597920
44144947280746301421961910635901337851779775325660778961134827972677747814466124303119342
36824111886599156968320833888201185596807676691489441527827657966537339007888928162
37149906824679423555235239167301225437211700843318041586492453777410143333539871677
3569715262936350905460759487479958029645850785775433411579519406210394071060759393646
13965037678819239545511760256848156659639410655519083179494071896774639503768311
327597993184093977526349220553095967678206626115879724848826427135802644527148625
991840868405630654598025164901421827025875330518967761599182256538430939662914722699068
79324977742055923414008267366283315735601026548081603442380920552227707002756754116470
089029573710710712680454782352263165233606898871250217886021549875510091782781817058847
61717716497597865053446142948804188871410280988614150864271081699486840860079930575553
700904503202044014103265730205396688058378795108638154727947598356152211201723506
3102502999084667381424733961147459901313213899530994367875989856068391834114389578927834
4543225800919250515500511789044718052752745663936497740030064638753921415904497158
4205807465962422836987122025805257939895484646029837852276778423118029769143777653630
574474898928948927093860615275045692171173180192101407661290914403831160570790120382
4858958124353684201118230455279757774706232792133546379514261458127507240611024591150
03659994029779515796900570895817202113817715688370982149140832654085669332012149158374208
9377837985599111232953436391476313018926508611757042517246585138650454224205491197
58295865379256411855387027136183124600259374937323071873518328930322647595288912
4152987282461987103788652752086412802521089308030318493681091752943117418458471414
768549650513658787405875249675161026103454911700642441167055663985705162555946102567
85300089487159967142938561717697248476334342458492687735826717534391154880046087
7544004481566001035573595977042999519967215945248797247956771162234142175669403482408
249130403757801176856459834264708714754241151260965501616254734707175709914061157
2018181648195187136335678201789901011195116645558483951991091281304616129013789529946
365657850367995244277978700868216773659907698322769687779777598288755646527459848008795
827635015783649186738698626511505280981752016155920700782355607145163531732567052
52523968441467993566651019035280634922077335024473258661567205269983182835338097
4510357920994703745585049449332785912926936518184863369423386757370763478021052530096931
99066913099556351576722721516657786477778725580630322597840636404061941035583858800271
56231893410734057607102202259466280581823826421383126348883742660831923425278308932776
7716132052362528091796985324290183798295454826727817437289600838300121976359943825
902384104233733164053324477214824272692335801319914266605657059597968213993027910567429
04611881579510839351074320065187848928098161164000329053250790774569690407545245408305
43842819587648601565101863895470784985033918088156868974355893883271997518318324202219
45254733082494345198252672895080517100630172506236251410621320393003396503775611
36570754888847169710390989642787434601012818756620759967132320186748169541336108195
0401727948807418103738112313476416800516517260190666797929468019811064716634665853443235
921052063149855401298062505950244361579005982745064982152649883512889809509895393901117
91482953134234396477907297621370610825469884443382004925987034207300846946410941261665
761796915447505472084247628484852041865509359826246980643713191597693356203207034742709
908291718424770295605659393312514536617571161380840335266898071724397266373403700743589
61198260911839586058329515865002113961174557427322186238924526750266575942895549077601
951499349727212365172931901724449700666838589837556769070142506497685268018212169855762778
31092960488512353762847323711834145351402455600008283147530634240787947384855877615121075
5877377368741789259127209519460077906633429599645559501453591818718673147219183850
001674496404135910078289662444445634273816549242269218176530087760189792368284503654463
2834801424531674269024250717660853436708174531159052479771639634170762879242567564
33620985968577753933877225972367959969575532329624123956465802719805773438980864589894650
4241350609534835845500591457989525960143096602106758908063061934722738049929162957740
781764808522360520661723873845513600182164412466653825335619162752982198731008663167902
855227991075186827047920010914510034943062670284188973104115878872298795974914435444
54196873752173163652366721275760181988473782028585032814933620860050808498810991494695
818658410671771369170261777565066921793072349477316535602681187772073590725864515271753
11222211640999191879351098383795049281445456687777922023061552056284340007866863575
79297342570490044166045641198887026950437498492028635119459439152959292931873295158
92737882018213152647946475002081275185486229754131837676196306546264704546511125400289891
4151713570518995236401625413322058151509782594027969251994257754581852730201633542487578
1588255164603125443998334129011161096725185528264653607139032349560342872446472859311
262594865347909784140715766180326578066710501681215519087897050707725309379639963716834
3654353342825010729228877135493078605969141862835759868573142462424930046242625323401250
8604240489790354700256400633140200854993894041441769321585819931146838339745009275327
879890924162112451117318516855333442536965176411742686557362818152327036555319703193761
979789953482418184713428514395184054149497751599163605778127845262887728795074900
72960974858595873767539038558797213402819760447716689595362451374937128194131122783
625907571975802122237660902615679281941258858263516495485866623742168203080036509268906
02387863271012532755417333445086536222741972147523184039473903757491867076401465795198
5857804370401283247271020191185882563210271591815863167287517195373694931292376072390310
83795452733146467817444893926125594051225559398109845435847450921627769235496206303948
421193027864855282699897412380944256680366963494973085926276261988566515301772180488972
99647935804675128597925193102304478183965334066838530241764014663674160695004607
8270900542618264205813883041248067357524715531152665965480504532288030601177484642358
96967522740763823150008764929818624578765741046571583570984865857306384858082830190
