767533701307854065569214457190486339
21073759387033276643452410255339636222372087407261608
603070300266400784962589842470452769
1203069098838673463187094733333
53252271266044612921942315870245762
00238154715939223477254290078481616621195608832391038668887
4581649070129429762875263062039489775772917051948425943249
42513680179690597611454240785731102473602
6181360474938346115646793649665504832871
6531114461030988576453412752669213544903
162262859222656509178503050953281619
1485723298301206266767511348639999461
12762883601407250506399488337728906404994034
71132783831886579591153742268875088479754032792861106472998
0742536245785224342055030771958924397933621354080288
0100939610153254602825385280260502515678805
3271319763547561468403551459702031382251727673811871
2859356398831675303579509838662047994756751028679158
014842616775892848591839410789982386759549128502383
6770089898834693319722007242098665885766
4923156446688850471359238085753365873519378
7311345047327496152700757850833585711425379211126328594
99574954646780517431745397258808977
827665647177718573873243061939443400166994
7762492347789311927561765446502270641196096927
3088616462849962860483463323713113195933348356735905343
95166790239943389334129639365654383272205190640
9511739025901665699421692511216180453487997
749358779574105523825308986095
6149749644507674023286267247121957922018668627029
7719682255495266686764460831336028108336195611402070
377200756706025651776509901104731673
4133194560179034255586525832898403835
8161951496141026276814709759203049
3679731341525493652861373406010397461797040
11176455582145748798664736742703830677158
62139920986680256448841021066824
573614612292460028860193159193542905366708264
77175304631740204617165936752481119869343619951
12248832439879000986030303518641995971334311213521335
87938004315902245697910283526286190990633143669
48052190642470080001286510178014919140107644
54876226878107918602536849525112
104322410520458052889840375488
187520952492043315196966452852162914121
818951278585663215089351485539110107246217775117837872913
96627830774698377809702789103492074057044605454264355525547
8621383075531788332195660927317381639948
11802655064533745798626892908859131317013788074763538417
2942454969252519591348993277565869226843868029191247
4658656206828387737549932964336923088
21415465339283308597920744144947280746301421961910635901337
5177977532566077896113482797267
74781446612430311934293682411188659915696832083388
2011855968076766914894415278276579
653733900788892816223714990682467942355523523916730122543721
700843318041586492453777410143
33539871677035697152629363509054607594874799580296458507857
54334115795194062103940710607593936467139650376788192395
55117602568481566596394106555190831794940718967746395037683
1432759799318409397752634922055309
9676782066261158797248488264271358026445271
8625599184086840563065459802516490142182702
87533051896776159918225653843093966291472269906
9793249777420559234140082673662833157356010265480816034423
09205522277070027567541164708089029573710710712680454
8235226316523360689887125021788602
54987551009178278181705884746171771649759786505344614
948804188871410280988614150864271081699486840860079
305755539700904503202044014103265730205396688
5837879510863815472794759835615221120172350663
025029990846673814247339611474599013132138995309
43678759898560683918341143895789278343454322580
9192505155005117890447180527527456639364977400300
4638753921415904497158042058074659624
283698712202580525793989548464602983785227677842311802976914
777653630857447489892894892709386061527504569217117318019
10140766129091440383116057079012038224858958124
53684201118230455279757774706232792133546379514261
5812750724061102459115020365999402
77951579690057089581720211381771568837098214914083265
0856693320121491583742083937783798559911123
9534363914763130189265086117570425
72465851386504542242054911973582
586537925641185538702713618312460025937493732
071873518328930322647595288912241529872824619871037886527520
6412802521089308030318493681091752943117418458471414376854
650513658787405875249675161026103454911700642441167
556639857051625559461025676853000894871599671429385617
7697248476334342458492687735826717534391154880046
8757544004481566001035573595977042999519967215
4524879724795677116223414217566940348240832
913040375780117685645983426470871475424115126096550161625
734707175709914061157820181816481951871363356782017
99010111951166455584839519910912
1304616129013789529946236565785036799524427797870086821
7736599076983227696877797775982887556465274598
8008795882763501578364918673869862651150528098175201615592
7007823556071451635317325670523525239684
14679935666510190352806349220773350244732586615672052699831
