101111101101010001101010011110000111001011111101011010001010010011111010000110001
01001000000101010000000010010010100001001010101001001010010011001101010111111111010011
00000010101100111010001100100010110111111001011010010010001010001111000010111010000001
010100101010100110001100100001100111111011101110000110100100011100011101011101101
0001011111000110000010110001011010011100011100100110001001110111110001010100110011010
1000101110010101000000110000101011101010101110010111100110101010100000010111110001111
00111010000100100101010011100011110010000011001011111010101100011111111110000001100
0111100101100011000101101010011000110100010001101011111010011111100111000000000100
110101110100000011010000001001110100011101111110110110100000111101110001110001110101101
011000111101100110111011111010100000011101101110000111100010000010111010000111011
1010110010011110110010010100110001010010011111100001000010001001100001011100000000
001111101000111110101111111011111101001101010110100111010011101111001111011100100110111
10110000100111011101111010000111100100100111111011101100100111100100010011001100
1010110111110110110100010001000111001010101000010000001100000001001101111111111111100
1011110110101110011001110110111010101110101010101000111000011111111001101001011001010111
101000110011110101110111110101101001100100011001011010001010100010000010011011111000100
0001001111110000110110000001000000111100001001101110110000100111000110100001011110101
01100111011001111101001110100111001010100100010110010111101010100001001010111100100101011
111011010110100011110000101110011110000111100111001011001100001101001010100111100001111001
0000010000001001000000011101001001000000000011111111110010110010000001111110001110000001
10111011000111100110101111111000001001101100010001010111000111111111011101110111100111
0001111000010111100011000001101100111010011000101100000100000010001101100101111001010
0010010000010101110000110001101110110010001010001001000100011100011011001100100011111101
001001010011010110101110101010010110011110011111101010000111111110110101111100010101
001011100110010110101001001100000101000011110110100001101011111100110111000101111101011
00011000011000111101110000010100011111111011100010101110011001000101010101111111001110
110100100000100000111100100010010000000101111101110100110101000001011001111001100111100
00100101000100101001101110011101111011111111101000110101110001110011101010000100101111100
10000111000111110100100011000001101110001010011001001101001011100111111001000100100
11101100000011001111011011101101001011011100001110001100010011111010101111111011011
1101111000110110101000111001011110001001010101111011011111111000010110011000111111000
11101011010011011101111100010000110011011010011111001111010011010110011101100111
101111111100011111100101000111011101010000000111011100000000001111000000101100001
111000000001010010110001100101001001001011110110101101111100010110010111000110100011000
11100111100011101010000001100001111111001000100001001000100100110001101000110110110010
001001111110110110000010100110001101011000010011010011000001101011110011100101011010001
01111110011111001011000100100000100011010000100010110000011001011000000000011110111111
100100101000000010101001110001110000010110111100010110101101110110110011001101100
1100100111000001101000111101101011101111011011110110101011101010000111010110101110101010
0101001000111010111100111101000110010110101001110011100010000010111101011100011110
0001001001100000010101100001001011111011000000001011010010110001110001101101111011010
110010010100100101011000011011001010111111100110101001001010110001011100110110100100
0010110100111000001110010011011111110100010110111100111110001010101101000011000111110
01011110001111111110100110011011000111011111000110100101100010010001001110010101110110000
1111011101111111010111010111010111010100100011111000111000101110010010000001011111
10011001111010011011101001110101100000011110111101011011110100110100001111000110
0110101000001101101100010110000010000101001100010110011001011110101111010010011010
100101010111010101001011001011101000101010111100000001101011001101101100111100100101
01100001001111101100110101111011000010110100010010001111000111110111110000000001
1100000001100001011111111111000111111101011101000111001110111100010100111001001000000
001110001111001110010011010000100110110001111000101101010010110101111101110001111
0010101000111101110111010001101101011111110001110001111111011001100010101011101101100
101011010101111000011110100000010111011101010100101001111111110000111000101011000000111
001011011101001100110010000111101000101110010111100100100111001101101111110101010
10101100001001111100011011011000010100011111000011010001101001001101100011110011
0110111100110101101101001001110101110100110110100001101001100111110101010001010110010111
11000111011110111110100101110011100011110101100010100111000010000001101011101010000011
10011011010110011001100000011000000101001000001101100100001100000011101001010100110110
1110110010100100011110101100010101110011010000101011011001000010100101110111101001
100100100011111100011100011010000010010111001111110000001011011111100011111001110101001
00011001111110011111010100001101000100010101100000101011010110110101010001101001000101
01000011101000001101101001011010100101011110000110000110111011001011111110110100000011
01010111000010101110010010011000111100010110100010011010001100111001110101111011
10110110000001101110110101000101010001010010110000111101110100100100101101110100111
0001101100001010101110110111010010000110111000110000111101000011011000110010001011001011
101010001101011001010000101110000101111001100101000100110001001110001001101011111101111
11000111110010110011101011001110010001001000001100000101101010001100000100010101001001
101110111001101010000001000000010001001101111000000100001111111111011110001001010100101
100011110000110011001011111110110110011111101100000111000010011100111000111001100101101
01110000111011100010101111001000111101110111001100100010100100110000111100011101011001
111011101101010101110111101100001100000010101011110101010100100011001000010010101011100110
11010100000110111100001101111010101111000011000000001101110010000101101100011011011101011
1011111100101101011101001111000011100011001111001111101011111010110011101011101010
001010010000111110010001000000001010011010101000001010110110001100101110100000101010001
0010001000111010001000010111000011010100110111111010011111011010110100011000101100
11000101100111111111011001110101111101111110101000101110001000111001111010100000101010010
0001110001110011001100111011101101100101010000100110100001001110100110001101100111100
101100000100100100001101011001111000100100010000011001111011100110100110111000001101100
011001111011100001001100010110110010101000010000100111100111010010010111110110011000
10110011110111101010100101011100101100011100000101010010111000000010000010010111010011
010010010011111101110001111101000101111010101011110111000001101110011110101000111011111
11000011000111111011111010101111001001001010001111100001001110010000100001000001111
11011100110010000100001001110001000110011010010000011111011011110111010111011011110
10111000010011110001100011000001011101000001110111011010110100100000100100111101000001011
0111111110110111010001001011100010111101100110001101011110011110101010110001011100001110
1100011100001101001110110101011101010101101100000011001111010101100100010000010011111
000110001101101100100111100100100110000110101001011111001011010101101101111011101110010
1010111100001010101000011111011010001101101000011111000111100000000110000000001101001010
0000000001110110100010000011100000010111010001001101101101011111100010111101001011101
011010100100110011111110110011111000110101110011100000111100010110101010111111101111101
111101111000010100111000110111100010101011111111101001110101001000001100111010100
10100110010111011101111010110111011000011100001110001111100011110111100110111100101
001101111111000100011000100011011001101010010001110011001000001100100001000010101000100
00101001011010110111011111001000110000101110101101100011011101111011001010001001111110
1011000110001001001011000111101000101010011111011001101001111111111010111010110010110110
01111010111100001011000011100101110011001111110101001011001010101001101011010000101100
001111001000011000011011010100100010000100101010111001100010001100100111101110100000110
11001111000011100111101111100100010101101110000010110001100010001010100011000001
0010100100010000001011001001000001111100111111110001101000100110000010001111000000110
10101100100101001110000100101010000110101101000111101110100001011100100010000010110
