321331301323032021121212211130022111201033333101213030221030032213333032022332023023001200200121010020222012210212
2220322323230300102323001203320112101033313313323221122202201212132231123020312230003233013131300123
012032010201210003113200210333230000201321012012323210231220110210200332033331123110133222233210230223132
211301011101323222032333112201322022123300032310120313220111203001320210213101113100032103223120312303320230311
21230100022031022212101130121210333003011310013230101210222003033333200331332211321002030230230123003132221
1320100220132030331132123011222311331313322222211020233130212110203300232110301003122031012223200130123331321
21333132233122002022030033121233323202022330100002212211123202131011313103123123000221333213122233320231103011011
33222113121300332311031333030100022233101301330222331120030000012331212002131213012121120120131321102302121203100
12120102111313020210022102012013222232113200202223221131303200133312123113133011333103203123232130302313232233323
3322313101132032011213131031220212013323132331103220233332010032233131101330110032011310212221001320130223230
301313323101323020300030223110010101030000102000031000022030031011111111131331001101113013012113221302111
110111212321330303012303202313220231313111201301203033023210133212300211001131212111013331010332122110210023100
21123022123212021202223221101133302210022003201331110002112332222003002202133322003003321110332202102333202130300201233
1030312330013301322331330302331030031320321212010203033023213312321010002120321011310212230121313110110323321022113
00023031122133100203131203110030132031200013030010323003311020033332012020023020022322320022021310122320
2222022202131331111320121300100022231111320013120222231321332330223331023121033111330022212011033022120
321011122013131313321310333013112213322223133220212313302213220001303122131010031222123300222322022030203301300123331221
10002300100220121211320223302033033323300322030122210232223022331220110112011023200333111010203021032013210
12303332303010030332031332213311101030220131131130330123311302012121100123332011001013010100302110220232122023133
31232202332103131110033231100030113330123330203320023302013112133022001030021313311301112023232131001100102230121212
33131120333033103223002021202001311023022322302220221033113013101203101030220012130233110011021111021221203210023003
100112133201332113323133113112122233012333022333221130101022230010311110013202231300011113032030021102200130
130001012231223223301003213300313313021200322300231301322222213201113233231121101201033211102023130023302010231311
103011113132332312310331122033013010122031320121313002120323230131103303131113300201013001320033113100013130
21101203103332331312223220233201321101021311100331123001121011203310112213323013131131200311131023030221110
110301002202213301330020202022133120220010332222311310000202012320303300033221012210210230131323323213213131202123100
2313222112300033220133120311322213101012202201120203111113201022302003223000122102110221101200130330312
12220100311333013233202201232013202312303102003023303223302200130321111021332230121103000320333331003111
00123102212212200230223323200030003013200021302321300202222221331233113111201003230220002321010233100011102
02121103113002103123033031101321100310231231002310210213320022132120213332132323310331323321131013030323132
21222211303231010111010103012301023200331210311322133103000330032312301023110213122032002032131323213322233310222
3223203120000232321100003201031313233202202221013230230110223310203123303131233212231203221212232210101120203121300121
13131310231212320300323013022123132233213030232222210112120333202021312212231013331312120210130333120
11130201230321103220233222131132201231310003113131110102312031211000131231113022130100301100232032001221332230103110
10220313112313031131310321332303332323330121021200331330023310203031320302100220210313311302332231330320
30113230231123213002222311303313030310333101023323202033130021320011010320022310330130003011200201002030
0233002303300330012111121211112102102332323322323230313030101021231021213101000323010313320022201303031001101103100131
201223030033020032233333033221301033332332200303123022322300031130023313103133102000202033132202200132002321331131
11320233113330303110302031100311013132003032033300300100220212013322233132031322322332320001203101320233
3222101321210010132123133301332221131220301012021333213103332120233011012113311100031302231113132130231002303
1011321303320012303301212331322023111212200201031321112301030232100331111131200033100030103122002031102212332331212211
2110030020331323002321330012131302302300333021321123313310123210110301300203001113100031013031002032122213113220231
30001301001201123300211130213303303133203323031031012232213103033303223121121220031210031001311301230102
103033021231323320231103333031311210212331023312001111010310001232213102201202002110321312323002223133023103303211203
0013200222110000201230232000033031021000211222202331010210323223321121113231021210012003131010312021
32111223301002212121323320122201012230131231112320113001023200311131200333000332300200302323310033113102002032
323133132021331320133232300332221100113311001133103032222312100210221212312022032301123011231212301022310122
22212320322001132322020312330122303101230030103331200231020033233103322321331331011030202201130101033322021210311021001
21300011110003211032023221321000130231302313230333101123211011020000130331211210120232123220323023033022213330313
322102322301321310302111002011013220012303031123123330100302003321332223122201113012022112312201300122030
1003233310101220312321322103002212131022032111102330032302212033202300113020100330303133310113133320031333003
33023332323300313201200300300200112002230130121002132222212203210120300323031101310233010300222230220222122232
33013310000023202231313131310113120012012121001230322231332000312013221033133312310130233133121322200313222210011
201130223310233003013231011122203312331222301211112032203311231123312031221002123023203100223331222131210310
32131011321303232321130311303322201302000230123011130121212100320011221200212210323031122332031032120200
32113102001123313212321133220213020000201323310232020103121102011011031123011130333313221031232333032211112
22311202130233312211111032113332123300113232133010122221032032200131112032201202220003212011232301022221012132
1002130210333212222010321002332032201222311232021222210311200013230322110333131210031133213210130122033022301122131200
21102111133333231021130303133101311132301200123332001002311221313032322002121010210020211300031300132033201312
33031013203212302021221101202032031103023300231033221331021321120200102102122221103233001133202322302212020213023313
13322312100330111020001303300221120311121110222320330021011033201232300021000232231330031101021201031133
33223102231231001113233332101030012323112232332003332222032101203031302222021222221003213123203112302120322
113330333202331130302210331323030323313233122202332113203331230322213103111331120001322211331323111121
32131300300102323022111132200300113203200210002300222331111101112033023000010200322111222302013223121021022003131303
2131121310101312132313300323310220302133100231000332222210111230220033303332132121303221202021003003
332320022103112333131112112111010203201011322212131303120332003123013110213130303030312001211120021332
13222313222213010231303301030331210101033211222202332233332321013023222100222102331110000332003301323100122333122
0030033020013032320321111102321321030332330333121110331001233032131120023012321002031131211210023101103000
33333202311102220222132202202221121001232302220202011301121000122222311202020101312102210011033211012133
31002103313230232331212013232122322132033313332132213111000312101310213100000313100012112103010111133103113101011112
33100001012231102013033130201030301311113332102313212122102202332033101030201032013221031321110313323033
131233202033120001112021311300013132113322330331102301002132133113320212001100210001101320130101003020331001122122202
3001002012002301212223000223212212312123323110331110010003320201033301233211200312313013312332032322012033113
0030130223302232212032112003131230203232122311132332213010033113133112321112321120301303302213132103
3100223031200213302321112033023333312321001033023212323223121011012200301100002333122100023120221101101212212001020230
321012333001102010223320300131323130320220330231223111202211300313301333322302030301121312002030330023322212021012
202110222212203232210023000022103320302120000333110213113111022310300212213202223200111122220011011032310230012302313
222102123230222132323301200113101312120003031300102032222230110301123120033123133303221000011002110122121
33303303221321332133310323131331221111033122221130021013322111200311121033221330032133132303123111223
323100131123223311310030101330322233202311303230321320330033021301221023113032021113113212120310032130
1131022233021113230033133021021101203032030102021031000312011221301210013023222021121122023101232313010322300102
1133323110232111301001220321303112000322301112202012130122222130330022212320100301111123301110113211032320331321133
01132303320301000332321023232112221012010000200230132230213020313010211221202321330120201100231102120312032220010
3201222220231213012132111321121002120302021102010223131233301001213203002122023012321000330030121002
1222002302022232202102010220300032233123321100020231002020111110003312200321323003103311323030030021202230332332202133
21131230233013203232021201010002111231320222102021220300002002323003131213033231323313023220012322232313212132230
2102300200320102122220002320222102332012010021333121122310003213002300111213303211033220220101012302313
3132121331223031333313032011211121033123201110200131100301122200300312233300020003113100212102132123
0230230130121222220001033310210233222231200322100200303201322301333112302330111131122112200030123101331220231300113
201001031221322213033321221330220320030212300121030322000203221320323300130102201203000020012100133033
03023300030030003000210333232103001031000000000300321310330110010110310310320310312100133110112233221212
10202203013023000011230212330111231011322221121132312333223200320021213032110223111310233113201203320333100133100
312101310111320200130200033130321132323331123113223213212221213322111110223130012333220002123012333000022332333
331112210330002331332310302202031202023022022212001233223113312033231103301132332112030301333132012222112
3112003123123102133010232013202110320332200120333331310122002313301331121133232122213321121312203032100220203011202
30302130310210120112132030120303333202203221233310123033001001330211031323003030012011312012101123222310
212202210222130102203022201221102323100133302323103102332010220012323032332120001011200011133130032332121333
03100221322031010013302110200100110102230030131202132003023030001021200310323003222022320230230002123210
02103121323211200220320102020000311223322203323012000010222222310032320100103000200301323212003003331
120223223123020300112211210112120102020332230230202023211222030000202232011000121333210333102103133013220320033
