1011111011010100011010100
1110000111001011
11101011010001010010011111
1000011000100100100
00010101000000001001001
1000010010101010010010100
00110011010101111111
101001100000001010110011101000
1001000101101111110010
101001001000101000111100001011
010000001101010010101010011000
1001000011001111
1011101110000110100100011100
1110101110110100001011111
001100000101100010110
001110001110010011000100
110111110001010100110011
101100010111001010100
00011000010101110101010
1100101111001101010101
0000010111110001111
0011101000010010010101
0111000111100100000
100101111101010110001111
111110000001100001
110010110001100010110101001100
1101000100011010111
1010011111100111
0000000010011101011101000
001101000000100
1101000111011111
01101101000001111011
00011100011101011011
11000111101100110111011
1101010000001110110111
000111100010000
10111010000111011010101
001001111011001001010011
00101001001111110000100
01000100110000101110000000010
11111010001111101011111110111
1101001101010110100111
1001110111100111101110010
1101111101100001001
10111011110100001111001001
01111110111011001
01111001000100110011000101011
1111101101101000100
100011100101010
000010000001100000
01001101111111111
111001101111011010111001
0011101101110101011101
10101010001110000111111
1001101001011001
1011101010001100111101011
01111101011010011001
0011001011010001010
00010000010011011111
00100000010011111100001
01100000010000001111
000100110111011000010
1110001101000010111101011
1100111011001111101001110
001110010101001000101100101111
10101000010010101111001001010
111110110101101000111100
01011100111100001111001
100101100110000110100101
10011110000111100
000000100000010010000000
1101001001000000000011111111
100101100100000011111100
11100000011101110110001
110011010111111100000100110110
01000101011100011
1111110111011101
11001110000111100001011110
0110000011011001110100110
01011000001000000
000110110010111100101000010010
00010101110000110001101
101100100010100010010001000111
00110110011001000111111010001
01010011010110101110101
100101100111100111111010100
01111111101101011
1100010101100101110011001011
101001001100000101000011110
1010000110101111110011
111000101111101011100
11000011000111101110000
10100011111111011100010
0111001100100010101010
11111100111011101001000001
0000111100100010010000000
0111110111010011010100000101
001111001100111100
001001010001001010011011
00111011110111111111010001
