321331
0132303202112
2122111300221
120103333310121
030221030032213
330320
233202302300120
2001210100
0222012
102121
22032
3232303
01023230012033
011210103331
31332
22112220220121
13223
1230203
2230003
33013131
00123301
032010
0121000311
200210333230000
01321012
123232102
1220110
102003
2033331123
101332222
3210230223132
211301011
0132322203
33311220
32202212330003
31012031322011
203001
20210213101113
00032103
2312031230332
23031
2212301000
2031022212101
3012121033300
011310
132301012102220
30333332003
13322113210
20302
02301
300313222111320
00220
32030331132
23011222311331
1332222221
020233130
12110203300232
103010
312203101
223200130123331
2102133313
233122
02022030033121
333232020223
010000221
21112320
131011
131031231230
0221333213
2223332023110
011011033
22113121300
3231103133
03010
022233101301330
223311200300
001233121
002131213
1212112
120131321102302
21203100012
201021113130202
0022102012
1322223211
200202223221131
032001333
212311313301
333103203123
321303023132
2233323
332231
1011320
201121
13103122021201
3231323311032
02333320100
2233131
013301100320113
02122210013201
022323
