101111
0110101000110
0100111100001
100101111110101
010001010010011
110100
011000100100100
0001010100
0000010
100101
00010
1010101
01001010010011
011010101111
11110
00110000000101
11001
1010001
0010001
11011111
00101101
010010
0101000111
000010111010000
01101010
101010100
1000110
100001
0011111101
101110000
1010010001110
011101011
0110100001
11111000
10000010110001
11010011100011
001001
00010011101111
00010101
0110011010110
01011
0010101000
0011000010101
1010101011100
011110
110101010100000
10111110001
11100111010
00100
00101
100111000111100
00000
10010111110
01011000111111
1110000001
000011110
10110001100010
101010
110001101
001000110101111
0100111111
011100
00000010011101
111010000001
010000001
01110100
111011
111011011010
0001111011
0001110001110
011011011
00111101100
1011101111
01010
000011101101110
001111000100
001011101
000111011
1010110
100111101100100
01001100010
001001111110000
0000100010
1100001011
000000001001111
010001111
010111111101
111101001101
101101001110
0011101
110011
1011100
001101
11101100001001
1011101111010
00111100100
0011111
011101100100111
00100010011001
000101
