7675337013078540655692144571904863396
107375938703327664345241025533963622237
087407261608060307030026640078496258984
470452769812030690988386734631870947333
375325227126604461292194231587024576
9002381547159392234772542900784816166
119560883239103866888774581649070129429
6287526306203948977577291705194842594324
442513680179690597611454240785731102
736026618136047493834611564679364966550
832871565311144610309885764534127526692
354490321622628592226565091785030509
3281619914857232983012062667675113486399
9461712762883601407250506399488337728906
04994034971132783831886579591153742
6887508847975403279286110647299870742
362457852243420550307719589243979336
13540802888010093961015325460282538
280260502515678805332713197635475614
840355145970203138225172767381187122859
5639883167530357950983866204799475675102
679158201484261677589284859183941078998
38675954912850238366770089898834693
19722007242098665885766649231564466888
047135923808575336587351937817311345
47327496152700757850833585711425379
111263285945995749546467805174317453972
8808977382766564717771857387324306193944
40016699467762492347789311927561765446
0227064119609692703088616462849962860483
63323713113195933348356735905343895
66790239943389334129639365654383272205
906405951173902590166569942169251121
1804534879972749358779574105523825308
86095261497496445076740232862672471219
792201866862702937719682255495266686
6446083133602810833619561140207063772007
670602565177650990110473167364133194
601790342555865258328984038354816195
496141026276814709759203049436797313
1525493652861373406010397461797040611
764555821457487986647367427038306771
86621399209866802564488410210668242573
14612292460028860193159193542905366
0826427717530463174020461716593675248111
8693436199513122488324398790009860303035
864199597133431121352133568793800431
9022456979102835262861909906331436691480
219064247008000128651017801491914010
6448548762268781079186025368495251127104
22410520458052889840375488118752095249
043315196966452852162914121381895127858
66321508935148553911010724621777511783
8729137966278307746983778097027891034920
405704460545426435552554708621383075
31788332195660927317381639948411802655
64533745798626892908859131317013788
747635384176294245496925251959134899327
565869226843868029191247046586562068
8387737549932964336923088821415465339
8330859792074414494728074630142196191
635901337851779775325660778961134827972
77747814466124303119342936824111886
991569683208338882011855968076766914
944152782765796653733900788892816223714
90682467942355523523916730122543721170
84331804158649245377741014333353987
67703569715262936350905460759487479958
296458507857754334115795194062103940710
0759393646713965037678819239545511760
56848156659639410655519083179494071
96774639503768311432759799318409397
526349220553095967678206626115879724
488264271358026445271486255991840868405
3065459802516490142182702587533051896
76159918225653843093966291472269906897
32497774205592341400826736628331573560
0265480816034423809205522277070027567541
6470808902957371071071268045478235226316
2336068988712502178860215498755100917827
18170588474617177164975978650534461
2948804188871410280988614150864271081
9948684086007993057555397009045032020
40141032657302053966880583787951086
81547279475983561522112017235066310250
9990846673814247339611474599013132138
953099436787598985606839183411438957
9278343454322580091925051550051178904
7180527527456639364977400300646387539
1415904497158042058074659624228369871
20258052579398954846460298378522767
84231180297691437776536308574474898928
489270938606152750456921711731801921
14076612909144038311605707901203822
85895812435368420111823045527975777
7062327921335463795142614581275072406
1024591150203659994029779515796900570895
1720211381771568837098214914083265408
669332012149158374208393778379855991
1232953436391476313018926508611757042517
