767533701307854065569214457190486339621073759387033276643452410255339636222372087407261608060307030026640078496258
8424704527698120306909883867346318709473333375325227126604461292194231587024576290023815471593922347
254290078481616621195608832391038668887745816490701294297628752630620394897757729170519484259432494425136
017969059761145424078573110247360266181360474938346115646793649665504832871565311144610309885764534127526692135
49032162262859222656509178503050953281619914857232983012062667675113486399994617127628836014072505063994883
7728906404994034971132783831886579591153742268875088479754032792861106472998707425362457852243420550307719589
43979336213540802888010093961015325460282538528026050251567880533271319763547561468403551459702031382251727673811
71228593563988316753035795098386620479947567510286791582014842616775892848591839410789982386759549128502383667700
98988346933197220072420986658857666492315644668885047135923808575336587351937817311345047327496152700757850833585
1142537921112632859459957495464678051743174539725880897738276656471777185738732430619394434001669946776249234
789311927561765446502270641196096927030886164628499628604834633237131131959333483567359053438951667902399
338933412963936565438327220519064059511739025901665699421692511216180453487997274935877957410552382530898609526
49749644507674023286267247121957922018668627029377196822554952666867644608313360281083361956114020706377200756706025651
7650990110473167364133194560179034255586525832898403835481619514961410262768147097592030494367973134152549365286137
40601039746179704061117645558214574879866473674270383067715866213992098668025644884102106682425736146122
2460028860193159193542905366708264277175304631740204617165936752481119869343619951312248832439879000986
303035186419959713343112135213356879380043159022456979102835262861909906331436691480521906424700800012865101780149191401
76448548762268781079186025368495251127104322410520458052889840375488118752095249204331519696645285216291412
38189512785856632150893514855391101072462177751178378729137966278307746983778097027891034920740570446054542643555
55470862138307553178833219566092731738163994841180265506453374579862689290885913131701378807476353841762942454969252
19591348993277565869226843868029191247046586562068283877375499329643369230888214154653392833085979207441449472807463
142196191063590133785177977532566077896113482797267774781446612430311934293682411188659915696832083388820118
596807676691489441527827657966537339007888928162237149906824679423555235239167301225437211700843318041586492453777
101433335398716770356971526293635090546075948747995802964585078577543341157951940621039407106075939364671396
03767881923954551176025684815665963941065551908317949407189677463950376831143275979931840939775263492205530
596767820662611587972484882642713580264452714862559918408684056306545980251649014218270258753305189677615991822565384
0939662914722699068979324977742055923414008267366283315735601026548081603442380920552227707002756754116
70808902957371071071268045478235226316523360689887125021788602154987551009178278181705884746171771649759
86505344614294880418887141028098861415086427108169948684086007993057555397009045032020440141032657302053966
80583787951086381547279475983561522112017235066310250299908466738142473396114745990131321389953099436787598
85606839183411438957892783434543225800919250515500511789044718052752745663936497740030064638753921415904497158042
5807465962422836987122025805257939895484646029837852276778423118029769143777653630857447489892894892709386061527504569
17117318019210140766129091440383116057079012038224858958124353684201118230455279757774706232792133546
79514261458127507240611024591150203659994029779515796900570895817202113817715688370982149140832654085669332012149158
74208393778379855991112329534363914763130189265086117570425172465851386504542242054911973582958653792564
18553870271361831246002593749373230718735183289303226475952889122415298728246198710378865275208641280252
0893080303184936810917529431174184584714143768549650513658787405875249675161026103454911700642441167055663985705162555
461025676853000894871599671429385617176972484763343424584926877358267175343911548800460875754400448156600103557359
97704299951996721594524879724795677116223414217566940348240832491304037578011768564598342647087147542411
1260965501616254734707175709914061157820181816481951871363356782017899010111951166455584839519910912813046161
9013789529946236565785036799524427797870086821677365990769832276968777977759828875564652745984800879588276350157836491
6738698626511505280981752016155920700782355607145163531732567052352523968441467993566651019035280634922077335024473
58661567205269983182835338097345103579209947037455850494493327859129269365181848633694233867573707634780
105253009693129906691309955635157672272151665778647777872558063032259784063640406194103558385880027195623189341073405
6071022022594662805818238264213831263488837426608319234252783089327765771613205236252809179698532429
18379829545482672781743728960083830012197635994382559023841042337331640533244772148242726923358013199142666056
705959796821399302791056742990461188157951083935107432006518784892809816116400032905325079077456969040754524
40830564384281958764860156510186389547078498503391808815686897435589388327199751831832420221974525473308249434519825267
89508051710063017250623625141062132039300339650377561123657075488884716971039098964278743460101281875662075996713
320186748169541336108195004017279488074181037381123134764168005165172601906667979294680198110647166346658
3443235392105206314985540129806250595024436157900598274506498215264988351288980950989539390111759148295313423
39647790729762137061082546988444338200492598703420730084694641094126166547617969154475054720842476284848520418
55093598262469806437131915976933562032070347427092908291718424770295605659393312514536617571161380840335266898071
243972663734037007435891611982609118395860583295158650021139611745574273221862389245267502665759428955490776
16951499349727212365172931901724449700666838589837556769070142506497685268018212169855762778231092960488
12353762847323711834145351402455600008283147530634240787947384855877615121075158773773687417892591272095194
00779066334295996455595014535918187186731472191838500001674496404135910078289662444445634273816549242269218176
3008776018979236828450365446312834801424531674269024250717660853436708174531159052479771639634170762879242567564733620
85968577753933877225972367959969575532329624123956465802719805773438980864589894650242413506095348358455005914
79895259601430966021067589080630619347227380499291629577405781764808522360520661723873845513600182164412466653825335
19162752982198731008663167902485522799107518682704792001091451003494306267028418897310411587887229879597
91443544475419687375217316365236672127576018198847378202858503281493362086005080849881099149469538186584106
177136917026177756506692179307234947731653560268118777207359072586451527175311122221164099919187935109
38379504928144545668777792202306155205628434000786686357597929734257049004416604564119888702695043749849202863511945
4391529592929318732951588927378820182131526479464750020812751854862297541318376761963065462647045465
112540028989174151713570518995236401625413322058151509782594027969251994257754581852730201633542487578
15882551646031254439983341290111610967251855282646536071390323495603428724464728593110262594865347909784140715766
8032657806671050168121551908789705070772530937963996371683453654353342825010729228877135493078605969141862
35759868573142462424930046242625323401250586042404897903547002564006331402008549938940414417693215858199
11468383397450092753274879890924162112451117318516855333442536965176411742686557362818152327036555319703193761697978
95348241818471342851439518405414949775159916360577812784526288772879507490027296097485859587376753903855
797213402819760447716689595362451374937128194131122783862590757197580212223766090261567928194125885826351649548586662
7421682030800365092689064023878632710125327554173334450865362227419721475231840394739037574918670764014657951
8258578043704012832472710201911858825632102715918158631672875171953736949312923760723903100837954527
3146467817444893926125594051225559398109845435847450921627769235496206303948442119302786485528269989741238094425668036
963494973085926276261988566515301772180488972899647935804675128597925193102304478183965334066838530241764014663674
606950046074827090054261826420581388304124806735752471553115266596548050453228803060117748464235899696752274076382315
008764929818624578765741046571583570984865857306384858082830190569767166651501331729847022253400378184769
39163567441345790131170901377571409955611768447552881891940997240135929015061718296397592581527533245
769722551969267979770298923198764839004393349036103342336675443127249889113038869195539498964396210190
1173682275421935036671533867861109487636270566089857022538417649787670419467286263985348281165036913054120940586
7551165198878339561223424941701776004726523576442674118522624714514208872140784161795747121712175815894128399927317
83716989306909688192143045876776047856898688666678992216015882519214093863840529330762485166417368980578852024078
5661622288673473278158979141143620784122081328876681771617923405675007428562469250329600594834503024
7802648340866052260128694826188870235361367182600633402006715714869398424145505681923333927698296225080616178956068393
05595636251879843472267865816208757411148226322869206904606226121085119253815093123735405020854962496511892314636
2186168666128962920048282520004322158036678467959985704158261615020946715871589477079684622703238522315
9594301193081057595559834279657509239361881996646313526165122802748996075166042805179988492902198187
0454234952125824600829073954834091444831244728308402501809502903357732186550593553704116066478703709917884855300793
061229617641342479275341643538064388270036382529478102488863861302349544174328485405846642230382737691
21665724276072649884034317098321409271600428884784387718718572832952134376386974314106179956132637061410
58846289619427622257432438590517691231322267121576332577627808560803235674318465311598253955023003548317748515348
974349594517742282512460277536145770721393389719081457676429253922917158687770698733602466581076397224004972931
355958614118204793938132124086213828881202242614029035247975596899879929343716338332878567337918016020154
5738221761567142531814294497264738562930008942197599910582208771749135367171690362453503743532827032780408669895040
12988552754670148310178278704987395262649027253194323271243863592219475309227658012439754230589703862514
472042254884558900481406269803542969104595962963103344192072648034965616132548889215824053537330038790325571
89502087704057810013904136804962134364236632335468958481063670085421046732165601408246562030030804901694
00581943769435848064144766846246317601900063549678204670266080934694706702389246068547783494687049719
108487845925662348954833092932542302286778456610626001411604050400628418455046309131292575182123317259226722455
