1011111011010100011010100111100001110
101111110101101000101001001111101000011
001001001000000101010000000010010010100
010010101010010010100100110011010101111
111101001100000001010110011101000110
1000101101111110010110100100100010100
111100001011101000000110101001010101001
0001100100001100111111011101110000110100
000111000111010111011010000101111100
110000010110001011010011100011100100110
010011101111100010101001100110101100010
110010101000000110000101011101010101
1001011110011010101010000001011111000111
1001110100001001001010100111000111100100
00110010111110101011000111111111100
0001100001111001011000110001011010100
100011010001000110101111101001111110
11100000000010011101011101000000110
000000100111010001110111111011011010
000111101110001110001110101101101100011
1011001101110111110101000000111011011100
011110001000001011101000011101101010110
10011110110010010100110001010010011
11100001000010001001100001011100000000
001111101000111110101111111011111101
01101010110100111010011101111001111
111001001101111101100001001110111011110
0000111100100100111111011101100100111100
00010011001100010101101111101101101000
0001000111001010101000010000001100000001
01101111111111111100110111101101011
00110011101101110101011101010101010001
100001111111100110100101100101011101
1000110011110101110111110101101001100
00011001011010001010100010000010011011
110001000000100111111000011011000000
0000001111000010011011101100001001110001
010000101111010110110011101100111110
001110100111001010100100010110010111
010101000010010101111001001010111111
1101011010001111000010111001111000011
100111001011001100001101001010100111
00001111001000000100000010010000000111
10010010000000000111111111100101100
0000001111110001110000001110111011000111
0011010111111100000100110110001000101011
000111111111011101110111100111000011
1000010111100011000001101100111010011000
011000001000000100011011001011110010
0000100100000101011100001100011011101100
00010100010010001000111000110110011001
001111110100010010100110101101011101010
00101100111100111111010100001111111101
0101111100010101100101110011001011010100
001100000101000011110110100001101011
11100110111000101111101011100011000011
00111101110000010100011111111011100
101011100110010001010101011111110011101
101001000001000001111001000100100000
0101111101110100110101000001011001111
0110011110010010010100010010100110111
011101111011111111101000110101110001110
11101010000100101111100110000111000
111101001000110000011011100010100110
100110100101110011111100100010010001110
10000001100111101101110110100101101110
00111000110001001111101010111111101
01101101111000110110101000111001011110
010010101011110110111111110000101100110
0111111000111101011010011011101111100
10000110011011010011111001111010011
10110011101100111010111111110001111
100101000111011101010000000111011100
000000011110000001011000011111000000001
1001011000110010100100100101111011010
10111110001011001011100011010001100011
10011110001110101000000110000111111100
0001000010010001001001100011010001101101
0010000100111111011011000001010011000110
0110000100110100110000011010111100111001
10110100010011111100111110010110001
0100000100011010000100010110000011001
1100000000001111011111111001001010000
00101010011100011100000101101111000
01101011011101101100110011011000110010
1110000011010001111011010111011110110
111011010101110101000011101011010111
1010101010100100011101011110011110100
1100101101010011100111000100000101111
1011100011110000010010011000000101011
00010010111110110000000010110100101
00011100011011011110110100110010010100
001010110000110110010101111111001101
10010010101100010111001101101001000
01011010011100000111001001101111111
1000101101111001111100010101011010000
1000111110001011110001111111110100110011
1100011101111100011010010110001001000
001110010101110110000111110111011111
1010111010111010111010100100011111000111
