101111101101010001101010011110000111
01011111101011010001010010011111010000110001001001000
001010100000000100100101000010010101
1001001010010011001101010111111
11010011000000010101100111010001100
00010110111111001011010010010001010001111000010111010000001
0101001010101001100011001000011001111110111011100001101001
00111000111010111011010000101111100011000
0101100010110100111000111001001100010011
0111110001010100110011010110001011100101
100000011000010101110101010111001011
1001101010101000000101111100011111001
10100001001001010100111000111100100000110010
11110101011000111111111100000011000011110010110001100010110
0100110001101000100011010111110100111111001110000000
0100111010111010000001101000000100111010001
1011111101101101000001111011100011100011101011011011
0011110110011011101111101010000001110110111000011110
010000010111010000111011010101100100111101100100101
0110001010010011111100001000010001001100
0101110000000010011111010001111101011111110
1111101001101010110100111010011101111001111011100100110
11110110000100111011101111010000111
001001001111110111011001001111001000100110
1100010101101111101101101000100010001110010101
1000010000001100000001001101111111111111100110111101101
11100110011101101110101011101010101010001110000
1111111001101001011001010111010100011001111
101110111110101101001100100011
0101101000101010001000001001101111100010000001001
1111000011011000000100000011110000100110111011000010
111000110100001011110101101100111011
0111110100111010011100101010010001011
0101111010101000010010101111001001
1011111101101011010001111000010111001111000
11110011100101100110000110100101010011110
00111100100000010000001001000000
111010010010000000000111111111100101100100000
11111100011100000011101110110001111001101011111
10000010011011000100010101110001111111110111011101111
01110000111100001011110001100000110110011101001
00010110000010000001000110110010111100101000
10010000010101110000110001101110
100100010100010010001000111000
101100110010001111110100010010100110101
010111010101001011001111001111110101000011111111011010111
10001010110010111001100101101010010011000001010000111101101
0001101011111100110111000101111101011100
11000011000111101110000010100011111111011100010101110011
0100010101010111111100111011101001000001000001111001
0010010000000101111101110100110101000
01011001111001100111100100100101000100101001101110011101111
1111111110100011010111000111001
10101000010010111110011000011100011111010010001100
0011011100010100110010011010010111
011111100100010010001110110000001100111101101110110100101101
100001110001100010011111010101
11111011011011011110001101101010001110010111100010010101011
10110111111110000101100110001111110001111010110100110111
11111000100001100110110100111110011110100110101100111011001
1010111111110001111110010100011101
1010100000001110111000000000011110000001011
0001111100000000101001011000110010100100100
01111011010110111110001011001011100011010001100
1111001111000111010100000011000011111110010001000010010001
01001100011010001101101100100001001111110110110000010
0011000110101100001001101001100000
10101111001110010101101000100111111001111100101100010
100000100011010000100010110000011001011000000000011
101111111100100101000000010101001110001110000
1011011110001011010110111011011001100110110001
001001110000011010001111011010111011110110111101
01010111010100001110101101011101010101010100100
1110101111001111010001100101101010011100111000100
0010111101011100011110000010010011000
001010110000100101111101100000000101101001011000111000110110
111011010011001001010010010101100001101100101011111110011
10100100101011000101110011011010010000010110100
11000001110010011011111110100010110111100111110001
1010110100001100011111000101111000
11111111010011001101100011101111100011010010110001001
0010011100101011101100001111101110111111101
1110101110101110101001000111110001
10001011100100100000010111111100
100111101001101110100111010110000001111011110
011011110100110100001111000110001101010000011011011000101100
0010000101001100010110011001011110101111010010011010110010
010111010101001011001011101000101010111100000001101
110011011011001111001001010011000010011111011001101011
1011000010110100010010001111000111110111110000000
0111100000001100001011111111111000111111101011
0100011100111011110001010011100100100000010
111000111100111001001101000010011011000111100010110101001
110101111101110001111000101010001111011101110100011
11010111111100011100011111110110
1100010101011101101100010101101010111100001111010000001
1110111010101001010011111111100001110001010110
0000111000101101110100110011001000011110100010111001011110
1001001110011011011111101010101101011000
10011111000110110110000101000111110000110100011010010011011
